0.0403411 1.55217e+06
0.0404398 2.62405e+06
0.0405309 3.98344e+06
0.0406147 7.51817e+06
0.040692 8.26384e+06
0.0407633 1.69485e+07
0.0408289 2.94111e+07
0.0408894 3.57137e+07
0.0409452 4.76184e+07
0.0409965 6.66661e+07
0.0410439 9.09085e+07
0.0410875 1.24999e+08
0.0411277 1.42857e+08
0.0411648 3.33333e+08
0.0411989 3.33333e+08
0.0412304 4.99999e+08
0.0412594 1e+09
0.0412861 4.99999e+08
0.0413107 3.33333e+08
0.0413334 3.33333e+08
0.0413543 1e+09
0.0413736 3.33333e+08
0.0413914 3.33333e+08
0.0414077 4.99999e+08
0.0414228 4.99999e+08
0.0414367 4.99999e+08
0.0414495 4.99999e+08
0.0414613 1e+09
0.0414722 4.99999e+08
0.0414822 1e+09
0.0414915 1e+09
0.0415 1e+09
