0.037 642.62
0.0371516 656.302
0.0373032 678.186
0.0374548 700.724
0.0376065 728.106
0.0377581 771.859
0.0379097 827.814
0.0380613 913.165
0.0382129 1036.91
0.0383645 1221.47
0.0385161 1492.19
0.0386677 1936.33
0.0388194 2756.45
0.038971 4253.37
0.0391226 6808.81
0.0392742 12152.6
0.0394258 23579.7
0.0395774 45222.1
0.039729 83549.7
0.0398806 166601
0.0400323 303332
0.0401839 657274
0.0403355 1.75376e+06
0.0404871 3.22518e+06
0.0406387 1.11105e+07
0.0407903 1.42851e+07
0.0409419 2.49994e+07
0.0410935 9.99995e+07
0.0412452 9.99995e+07
0.0413968 9.99995e+07
0.0415484 9.99995e+07
0.0417 9.99995e+07
