0.0316 -nan
0.0341704 -nan
0.03608 579.044
0.0374989 710.188
0.038553 1585.34
0.0393362 15988
0.0399181 218667
0.0403504 1.51453e+06
0.0406716 4.54483e+06
0.0409102 9.99995e+07
0.0410875 9.99995e+07
0.0412192 9.99995e+07
0.0413171 4.99994e+07
0.0413898 9.99995e+07
0.0414438 9.99995e+07
0.041484 9.99995e+07
0.0415138 9.99995e+07
0.041536 9.99995e+07
0.0415524 9.99995e+07
0.0415647 9.99995e+07
0.0415737 9.99995e+07
0.0415805 9.99995e+07
0.0415855 9.99995e+07
0.0415892 9.99995e+07
0.041592 9.99995e+07
0.0415941 9.99995e+07
0.0415956 9.99995e+07
0.0415967 9.99995e+07
0.0415976 9.99995e+07
0.0415982 9.99995e+07
0.0415987 9.99995e+07
0.041599 9.99995e+07
