0.035 nan
0.0352129 nan
0.0354258 nan
0.0356387 nan
0.0358516 nan
0.0360645 504
0.0362774 494.667
0.0364903 439.75
0.0367032 498.222
0.0369161 514.125
0.037129 603.465
0.0373419 600.84
0.0375548 592.217
0.0377677 606.595
0.0379806 675.929
0.0381935 798.799
0.0384065 962.542
0.0386194 1267.47
0.0388323 1575.9
0.0390452 2088.23
0.0392581 3107.88
0.039471 4670.79
0.0396839 7832.77
0.0398968 12158.8
0.0401097 19937.5
0.0403226 42997.3
0.0405355 58386.1
0.0407484 142804
0.0409613 249572
0.0411742 167054
0.0413871 251426
0.0416 500786
