0.04 16159.4
0.0400516 21021.3
0.0401032 23287.9
0.0401548 24476.9
0.0402065 27715.5
0.0402581 32127.7
0.0403097 41390.6
0.0403613 44008.3
0.0404129 49319.3
0.0404645 59499
0.0405161 61126.9
0.0405677 74882.3
0.0406194 98716.5
0.040671 94912.8
0.0407226 121959
0.0407742 143602
0.0408258 146142
0.0408774 184982
0.040929 163856
0.0409806 237771
0.0410323 313018
0.0410839 371909
0.0411355 676284
0.0411871 419651
0.0412387 717140
0.0412903 528308
0.0413419 846060
0.0413935 579645
0.0414452 1.51915e+06
0.0414968 1.12617e+06
0.0415484 2.06351e+06
0.0416 2.65483e+06
