0.041 267419
0.0410194 277887
0.0410387 339850
0.0410581 437227
0.0410774 310221
0.0410968 356908
0.0411161 446383
0.0411355 428489
0.0411548 455906
0.0411742 476215
0.0411935 549627
0.0412129 465798
0.0412323 579388
0.0412516 564120
0.041271 1.02161e+06
0.0412903 630607
0.0413097 739502
0.041329 932679
0.0413484 857990
0.0413677 765950
0.0413871 794362
0.0414065 1.43065e+06
0.0414258 1.07274e+06
0.0414452 1.65091e+06
0.0414645 1.07274e+06
0.0414839 1.95125e+06
0.0415032 2.38509e+06
0.0415226 4.29397e+06
0.0415419 2.68334e+06
0.0415613 3.57814e+06
0.0415806 1.07364e+07
0.0416 3.57814e+06
