0.0384377 1329.72
0.0386949 2032.44
0.0389312 3784.06
0.0391483 7592.22
0.0393477 16639.8
0.0395309 36447.6
0.0396992 71997.1
0.0398538 148852
0.0399958 270378
0.0401263 484817
0.0402461 892233
0.0403562 2.04019e+06
0.0404574 2.12704e+06
0.0405503 5.88172e+06
0.0406357 8.33271e+06
0.0407141 1.42851e+07
0.0407862 1.66661e+07
0.0408524 4.99994e+07
0.0409132 2.49994e+07
0.040969 3.33327e+07
0.0410204 2.49994e+07
0.0410675 3.33327e+07
0.0411108 9.99995e+07
0.0411506 4.99994e+07
0.0411872 9.99995e+07
0.0412207 4.99994e+07
0.0412516 4.99994e+07
0.0412799 9.99995e+07
0.041306 9.99995e+07
0.0413299 9.99995e+07
0.0413518 9.99995e+07
0.041372 9.99995e+07
0.0413906 2e+08
0.0414076 5.041e+07
0.0414232 2e+08
0.0414376 1.0167e+08
0.0414508 2e+08
0.041463 1.73739e+08
0.0414741 1.45661e+08
0.0414843 1.70766e+08
0.0414938 2e+08
0.0415024 1.94909e+08
0.0415103 1.03761e+08
0.0415176 1.29306e+08
0.0415243 1.1767e+08
0.0415305 1.01084e+08
0.0415361 2e+08
0.0415413 1.20478e+08
0.0415461 2e+08
0.0415505 1.07942e+08
0.0415545 1.00517e+08
0.0415582 1.09035e+08
0.0415616 1.01227e+08
0.0415647 1.00537e+08
0.0415676 1.00186e+08
0.0415702 2e+08
0.0415727 1.0004e+08
0.0415749 1.00089e+08
0.0415769 1.00045e+08
0.0415788 1.00016e+08
0.0415805 1.00014e+08
0.0415821 1.00008e+08
0.0415836 1.00002e+08
0.0415849 9.99998e+07
0.0415861 3e+08
0.0415873 2.20478e+08
0.0415883 2.01084e+08
0.0415892 1.05335e+08
0.0415901 2.73739e+08
0.0415909 2.00517e+08
0.0415917 2.70766e+08
0.0415923 2.94909e+08
0.041593 3e+08
0.0415935 3e+08
0.0415941 2.0167e+08
0.0415945 2.45661e+08
0.041595 2.00186e+08
0.0415954 2.1767e+08
0.0415958 2.29306e+08
0.0415961 3e+08
0.0415964 2.03761e+08
0.0415967 2.07942e+08
0.041597 2.01227e+08
0.0415972 3e+08
0.0415975 3e+08
0.0415977 3e+08
0.0415979 2.09035e+08
0.041598 2.00537e+08
0.0415982 2.0004e+08
0.0415983 2.00089e+08
0.0415985 2.00045e+08
0.0415986 2.00016e+08
0.0415987 2.00014e+08
0.0415988 2.00008e+08
0.0415989 2.00002e+08
0.041599 2e+08
