0.037 643.251
0.0371516 654.278
0.0373032 670.837
0.0374548 703.557
0.0376065 715.741
0.0377581 778.753
0.0379097 830.458
0.0380613 913.913
0.0382129 1047.67
0.0383645 1228.71
0.0385161 1497.43
0.0386677 1961.06
0.0388194 2738.32
0.038971 4224.99
0.0391226 6661.83
0.0392742 11371.4
0.0394258 24163.2
0.0395774 43820.2
0.039729 83414.5
0.0398806 158108
0.0400323 262537
0.0401839 369762
0.0403355 2.49939e+06
0.0404871 9.9995e+06
0.0406387 9.9995e+06
0.0407903 3.33276e+06
0.0409419 4.99945e+06
0.0410935 9.9995e+06
0.0412452 9.9995e+06
0.0413968 9.9995e+06
0.0415484 9.9995e+06
0.0417 9.9995e+06
