0.03 nan
0.0303742 nan
0.0307484 nan
0.0311226 nan
0.0314968 nan
0.031871 nan
0.0322452 nan
0.0326194 nan
0.0329935 nan
0.0333677 nan
0.0337419 nan
0.0341161 nan
0.0344903 nan
0.0348645 nan
0.0352387 nan
0.0356129 580.48
0.0359871 443.763
0.0363613 537.433
0.0367355 475.957
0.0371097 513.168
0.0374839 562.579
0.0378581 633.947
0.0382323 830.223
0.0386065 1110.41
0.0389806 1941.5
0.0393548 3509.5
0.039729 7781.58
0.0401032 16205.4
0.0404774 49557.6
0.0408516 124597
0.0412258 249549
0.0416 999596
